tensor([[ 1.70808831],
        [ 1.87639718],
        [ 0.09882663],
        [ 0.33885369],
        [ 0.16223537],
        [-0.56916506],
        [-0.00414229],
        [ 0.02558339],
        [ 1.280664  ],
        [-0.182739  ],
        [ 1.60750092],
        [ 0.04908766],
        [ 0.01386245],
        [-0.30851108],
        [-0.07042275],
        [ 0.14260755],
        [-0.1859548 ],
        [-0.05410408],
        [ 0.16851954],
        [ 3.14422915],
        [ 0.32493205],
        [ 1.39231186],
        [-0.06888704],
        [ 0.39856728],
        [ 1.85422188],
        [ 0.83215783],
        [-1.30774777],
        [-0.05798366],
        [-0.05183928],
        [-0.52320759],
        [-0.00434288],
        [ 1.59011485]], requires_grad=True)