Step 0, cost: 1.9700957019697887
Step 5, cost: 1.4951859568729433
Step 10, cost: 1.3680546136193275
Step 15, cost: 1.305331074450836
Step 20, cost: 1.2265069341585808
Step 25, cost: 1.1384075807682497
Step 30, cost: 1.0787428849133136
Step 35, cost: 1.0332758625383138
Step 40, cost: 1.0118158048612151
Step 45, cost: 1.0023410833868105
[[ 1.24532847  0.40528651 -0.9604926  -0.22627611  0.69264036  0.35121216
   0.55264129  1.3844674   1.55698977  0.60639594 -0.20637506  1.24480745
   0.18704372  0.94445997  0.36539541]
 [ 0.41021886  0.18634676 -0.54044054  0.39607104  0.4658218   0.6048756
   0.5411918   0.89156698  0.4995905  -0.18519052  0.67663804 -0.0643116
   0.59527362  0.86150756 -0.1831544 ]
 [ 2.00734099  1.07346717  0.74275359  2.35771345  0.96953243 -0.32779113
   0.46790957 -0.25091927  0.37530292  0.65538523  0.34276437  0.08846169
   1.27275819 -0.22180491  0.84596398]
 [ 0.91442807  1.09256693  0.762688    0.03101811  0.37058759 -0.13519785
  -0.30227055  0.17334605 -0.22665511  0.14968963  0.54603325  0.59338139
   0.18670828  1.39841392  0.57845747]
 [ 0.13896987  0.87231201  0.71759891  0.86514716  1.0307435   0.23863667
   0.01237106 -0.02155093  0.96036511  0.80442931  0.37598448  0.66318412
   0.22178022  1.07773977  1.13494118]
 [ 0.9839747   0.76815902  0.41853199  0.52674373  1.24710158  0.71794469
  -0.00324505  0.02859478 -0.13672702  0.42955413  0.21081734  0.35951816
   0.90150678  0.77873181  0.10152728]
 [ 0.73222808  0.63357718  1.06218688  0.03829343  0.65705858  1.07086464
   0.02628012  0.09567949  0.02521526  0.27817158  0.95468287  0.49046849
   0.83142059  0.363378    0.39717204]
 [ 0.90184332  0.26763     0.32428831  0.23213722 -0.39281824  0.11282967
  -0.09654736 -0.09703751 -0.13315975 -0.20351109  0.27944781 -0.15877756
   0.29484827  0.88802719  0.7408964 ]
 [ 0.04058854  0.2210046   0.09947386  1.15170474 -0.23305832  0.80688387
  -0.29774537  0.4643789   0.71005877  0.76417105  1.06936582  0.23185714
   0.31116377  0.55427826 -0.63296445]
 [-0.12934446  1.40369287  0.36035916  0.37740345  0.30140422  0.21338055
   0.53450012 -0.55591383  0.57893768  0.71034832  0.54795828  0.26678145
   0.80623579  0.48259584  0.78713684]
 [ 0.74913873  1.30576087 -0.00400954  0.7479608   0.82834597  1.0974337
   0.9651887   0.54502511  1.53505483  0.76198417  0.23962386  0.24223405
   0.80265489  0.34059911  0.24843899]
 [-0.49159687  1.01434419 -0.43869374  0.7145567  -0.68229768  0.49868647
   0.19612167  1.02950104  0.17912973  1.36077546  1.16845386  0.61526334
  -0.9085547   0.24036013  0.17720737]
 [ 0.79886106  1.46635047  0.56152159 -0.05956993  0.43589182 -0.31022382
   1.30344005 -0.42518103  0.81015801  1.03898224 -1.47373481  0.30725026
   0.29361302  0.37955696  0.0703247 ]]