tensor([[ 0.23670566],
        [-0.15176815],
        [ 1.13633239],
        [-0.0083747 ],
        [ 1.62713961],
        [ 1.60896541],
        [ 0.60639152],
        [-0.67628157],
        [ 1.65680658],
        [ 0.12393486],
        [ 0.29607796],
        [ 0.41460342],
        [ 0.08983246],
        [-0.02277222],
        [-0.27908041],
        [ 1.38748558],
        [-0.5679229 ],
        [ 1.10174569],
        [ 1.48057622],
        [-0.32357865],
        [-0.17830272],
        [ 0.81136554],
        [ 0.5335887 ],
        [ 0.62265587],
        [ 1.8043293 ],
        [ 0.9593962 ],
        [-0.23985406],
        [ 0.05755647],
        [ 0.65042842],
        [ 1.61145876],
        [-0.05241326],
        [ 0.45662746]], requires_grad=True)